{
  "camera_angle_x": 0.9901279571385176,
  "camera_angle_y": 0.029779230541121582,
  "fl_x": 466.74401222399285,
  "fl_y": 12692.472519871888,
  "k1": -0.10747437835296696,
  "k2": -0.1713748561326695,
  "k3": 0,
  "k4": 0,
  "p1": 0.00028553072843323944,
  "p2": 0.012890732738267078,
  "is_fisheye": false,
  "cx": 264.3711158735942,
  "cy": 193.28322122894951,
  "w": 504.0,
  "h": 378.0,
  "aabb_scale": 16,
  "frames": [
    {
      "file_path": "./images_8/DJI_20200223_163556_700.png",
      "sharpness": 2321.4085599605414,
      "transform_matrix": [
        [
          -0.26545235275583506,
          3.246061109076207e-06,
          0.9641239797824345,
          3.787902731214416
        ],
        [
          0.9641237360621874,
          0.0007119521349496563,
          0.2654522832556513,
          1.0329364970803923
        ],
        [
          -0.0006855484514293242,
          0.9999997465496062,
          -0.00019211897383576194,
          0.008095838972522274
        ],
        [
          0.0,
          0.0,
          0.0,
          1.0
        ]
      ]
    },
    {
      "file_path": "./images_8/DJI_20200223_163555_770.png",
      "sharpness": 2125.957488396833,
      "transform_matrix": [
        [
          -0.22526797167198487,
          4.459726493671817e-05,
          0.9742968433365359,
          3.839383921633867
        ],
        [
          0.9742967517060401,
          0.0004464363904428627,
          0.22526793005130338,
          0.8999856937161812
        ],
        [
          -0.0004249152324008598,
          0.9999998993456394,
          -0.00014401879051833484,
          0.008572786679027439
        ],
        [
          0.0,
          0.0,
          0.0,
          1.0
        ]
      ]
    },
    {
      "file_path": "./images_8/DJI_20200223_163651_301.png",
      "sharpness": 3030.193011998467,
      "transform_matrix": [
        [
          -0.05637866300350541,
          -4.784364673978657e-05,
          0.9984094571139576,
          4.123865123543652
        ],
        [
          0.9984087915233081,
          -0.0011583885173528348,
          0.05637856990915231,
          0.23049978835448443
        ],
        [
          0.0011538486943548389,
          0.9999993279161163,
          0.00011307591337062044,
          -0.008914715689675825
        ],
        [
          0.0,
          0.0,
          0.0,
          1.0
        ]
      ]
    }
  ]
}